     concept    n  onset_med frac_onset  peak_med pos_consist   delta    band
        cars   15       13.0       1.00        32         nan    0.46       -
        dogs   15       22.0       0.73        32         nan    0.61       -
        cats   15       19.0       0.80        32        0.25    0.65   20-24
   elephants   15       13.0       1.00        32        0.34    1.00   18-32
   the ocean   15       17.0       1.00        32        0.34    1.00   20-32
   mountains   15       21.0       1.00        32        0.34    0.90   23-32
       pizza   15       23.0       1.00        31        0.22    1.00   25-32
     guitars   15        6.0       1.00        32        0.36    1.00   19-32
        snow   15       13.0       1.00        31        0.38    1.00   18-32
        fire   15        9.0       1.00        32        0.48    1.00   24-32
     bananas   15       13.0       1.00        32        0.37    1.00   18-32
      horses   15       17.0       1.00        32        0.32    1.00   18-32
      robots   15        7.0       1.00        32        0.49    1.00   17-32
     castles   15       17.0       1.00        32        0.42    1.00   22-32
     bridges   15       21.0       1.00        32        0.34    1.00   22-32
      coffee   15       13.0       1.00        32        0.31    1.00   23-32
    the moon   15       18.0       1.00        32        0.31    0.96   21-32
      trains   15       20.0       1.00        32        0.40    1.00   21-32
     gardens   15       16.0       1.00        32        0.43    1.00   18-32
      sharks   15       18.0       1.00        32        0.46    1.00   22-32
      POOLED            17.0                   32        0.36    0.93
